Iteration 0
open:
([3, 3], 0, NULL)
closed:


Iteration 1
open:
([2, 3], 6, [3, 3]), ([2, 4], 5, [3, 3]), ([3, 4], 4, [3, 3])
closed:
([3, 3], 0, NULL)

Iteration 2
open:
([2, 3], 6, [3, 3]), ([2, 4], 5, [3, 3]), ([2, 5], 7, [3, 4]), ([3, 5], 7, [3, 4]), ([4, 5], 7, [3, 4])
closed:
([3, 3], 0, NULL), ([3, 4], 4, [3, 3])

Iteration 3
open:
([2, 3], 6, [3, 3]), ([2, 5], 7, [3, 4]), ([3, 5], 7, [3, 4]), ([4, 5], 7, [3, 4]), ([1, 5], 8, [2, 4])
closed:
([3, 3], 0, NULL), ([3, 4], 4, [3, 3]), ([2, 4], 5, [3, 3])

Iteration 4
open:
([2, 5], 7, [3, 4]), ([3, 5], 7, [3, 4]), ([4, 5], 7, [3, 4]), ([1, 5], 8, [2, 4])
closed:
([3, 3], 0, NULL), ([3, 4], 4, [3, 3]), ([2, 4], 5, [3, 3]), ([2, 3], 6, [3, 3])

Iteration 5
open:
([3, 5], 7, [3, 4]), ([4, 5], 7, [3, 4]), ([1, 5], 8, [2, 4]), ([1, 6], 16, [2, 5]), ([2, 6], 15, [2, 5]), ([3, 6], 15, [2, 5])
closed:
([3, 3], 0, NULL), ([3, 4], 4, [3, 3]), ([2, 4], 5, [3, 3]), ([2, 3], 6, [3, 3]), ([2, 5], 7, [3, 4])

Iteration 6
open:
([4, 5], 7, [3, 4]), ([1, 5], 8, [2, 4]), ([1, 6], 16, [2, 5]), ([2, 6], 15, [2, 5]), ([3, 6], 15, [2, 5])
closed:
([3, 3], 0, NULL), ([3, 4], 4, [3, 3]), ([2, 4], 5, [3, 3]), ([2, 3], 6, [3, 3]), ([2, 5], 7, [3, 4]), ([3, 5], 7, [3, 4])

Iteration 7
open:
([1, 5], 8, [2, 4]), ([1, 6], 16, [2, 5]), ([2, 6], 15, [2, 5]), ([3, 6], 15, [2, 5]), ([5, 4], 10, [4, 5]), ([5, 5], 16, [4, 5]), ([5, 6], 16, [4, 5])
closed:
([3, 3], 0, NULL), ([3, 4], 4, [3, 3]), ([2, 4], 5, [3, 3]), ([2, 3], 6, [3, 3]), ([2, 5], 7, [3, 4]), ([3, 5], 7, [3, 4]), ([4, 5], 7, [3, 4])

Iteration 8
open:
([1, 6], 16, [2, 5]), ([2, 6], 15, [2, 5]), ([3, 6], 15, [2, 5]), ([5, 4], 10, [4, 5]), ([5, 5], 16, [4, 5]), ([5, 6], 16, [4, 5]), ([0, 4], 17, [1, 5]), ([0, 5], 11, [1, 5]), ([0, 6], 17, [1, 5])
closed:
([3, 3], 0, NULL), ([3, 4], 4, [3, 3]), ([2, 4], 5, [3, 3]), ([2, 3], 6, [3, 3]), ([2, 5], 7, [3, 4]), ([3, 5], 7, [3, 4]), ([4, 5], 7, [3, 4]), ([1, 5], 8, [2, 4])

Iteration 9
open:
([1, 6], 16, [2, 5]), ([2, 6], 15, [2, 5]), ([3, 6], 15, [2, 5]), ([5, 5], 16, [4, 5]), ([5, 6], 16, [4, 5]), ([0, 4], 17, [1, 5]), ([0, 5], 11, [1, 5]), ([0, 6], 17, [1, 5]), ([5, 3], 18, [5, 4]), ([6, 3], 19, [5, 4]), ([6, 4], 13, [5, 4]), ([6, 5], 14, [5, 4])
closed:
([3, 3], 0, NULL), ([3, 4], 4, [3, 3]), ([2, 4], 5, [3, 3]), ([2, 3], 6, [3, 3]), ([2, 5], 7, [3, 4]), ([3, 5], 7, [3, 4]), ([4, 5], 7, [3, 4]), ([1, 5], 8, [2, 4]), ([5, 4], 10, [4, 5])

Iteration 10
open:
([1, 6], 16, [2, 5]), ([2, 6], 15, [2, 5]), ([3, 6], 15, [2, 5]), ([5, 5], 16, [4, 5]), ([5, 6], 16, [4, 5]), ([0, 4], 17, [1, 5]), ([0, 6], 17, [1, 5]), ([5, 3], 18, [5, 4]), ([6, 3], 19, [5, 4]), ([6, 4], 13, [5, 4]), ([6, 5], 14, [5, 4])
closed:
([3, 3], 0, NULL), ([3, 4], 4, [3, 3]), ([2, 4], 5, [3, 3]), ([2, 3], 6, [3, 3]), ([2, 5], 7, [3, 4]), ([3, 5], 7, [3, 4]), ([4, 5], 7, [3, 4]), ([1, 5], 8, [2, 4]), ([5, 4], 10, [4, 5]), ([0, 5], 11, [1, 5])

Iteration 11
open:
([1, 6], 16, [2, 5]), ([2, 6], 15, [2, 5]), ([3, 6], 15, [2, 5]), ([5, 5], 16, [4, 5]), ([5, 6], 16, [4, 5]), ([0, 4], 17, [1, 5]), ([0, 6], 17, [1, 5]), ([5, 3], 18, [5, 4]), ([6, 3], 19, [5, 4]), ([6, 5], 14, [5, 4]), ([7, 3], 22, [6, 4]), ([7, 4], 16, [6, 4])
closed:
([3, 3], 0, NULL), ([3, 4], 4, [3, 3]), ([2, 4], 5, [3, 3]), ([2, 3], 6, [3, 3]), ([2, 5], 7, [3, 4]), ([3, 5], 7, [3, 4]), ([4, 5], 7, [3, 4]), ([1, 5], 8, [2, 4]), ([5, 4], 10, [4, 5]), ([0, 5], 11, [1, 5]), ([6, 4], 13, [5, 4])

Iteration 12
open:
([1, 6], 16, [2, 5]), ([2, 6], 15, [2, 5]), ([3, 6], 15, [2, 5]), ([5, 5], 16, [4, 5]), ([5, 6], 16, [4, 5]), ([0, 4], 17, [1, 5]), ([0, 6], 17, [1, 5]), ([5, 3], 18, [5, 4]), ([6, 3], 19, [5, 4]), ([7, 3], 22, [6, 4]), ([7, 4], 16, [6, 4]), ([6, 6], 16, [6, 5])
closed:
([3, 3], 0, NULL), ([3, 4], 4, [3, 3]), ([2, 4], 5, [3, 3]), ([2, 3], 6, [3, 3]), ([2, 5], 7, [3, 4]), ([3, 5], 7, [3, 4]), ([4, 5], 7, [3, 4]), ([1, 5], 8, [2, 4]), ([5, 4], 10, [4, 5]), ([0, 5], 11, [1, 5]), ([6, 4], 13, [5, 4]), ([6, 5], 14, [5, 4])

Iteration 13
open:
([1, 6], 16, [2, 5]), ([3, 6], 15, [2, 5]), ([5, 5], 16, [4, 5]), ([5, 6], 16, [4, 5]), ([0, 4], 17, [1, 5]), ([0, 6], 17, [1, 5]), ([5, 3], 18, [5, 4]), ([6, 3], 19, [5, 4]), ([7, 3], 22, [6, 4]), ([7, 4], 16, [6, 4]), ([6, 6], 16, [6, 5]), ([1, 7], 21, [2, 6]), ([2, 7], 20, [2, 6]), ([3, 7], 22, [2, 6])
closed:
([3, 3], 0, NULL), ([3, 4], 4, [3, 3]), ([2, 4], 5, [3, 3]), ([2, 3], 6, [3, 3]), ([2, 5], 7, [3, 4]), ([3, 5], 7, [3, 4]), ([4, 5], 7, [3, 4]), ([1, 5], 8, [2, 4]), ([5, 4], 10, [4, 5]), ([0, 5], 11, [1, 5]), ([6, 4], 13, [5, 4]), ([6, 5], 14, [5, 4]), ([2, 6], 15, [2, 5])

Iteration 14
open:
([1, 6], 16, [2, 5]), ([5, 5], 16, [4, 5]), ([5, 6], 16, [4, 5]), ([0, 4], 17, [1, 5]), ([0, 6], 17, [1, 5]), ([5, 3], 18, [5, 4]), ([6, 3], 19, [5, 4]), ([7, 3], 22, [6, 4]), ([7, 4], 16, [6, 4]), ([6, 6], 16, [6, 5]), ([1, 7], 21, [2, 6]), ([2, 7], 20, [2, 6]), ([3, 7], 22, [2, 6])
closed:
([3, 3], 0, NULL), ([3, 4], 4, [3, 3]), ([2, 4], 5, [3, 3]), ([2, 3], 6, [3, 3]), ([2, 5], 7, [3, 4]), ([3, 5], 7, [3, 4]), ([4, 5], 7, [3, 4]), ([1, 5], 8, [2, 4]), ([5, 4], 10, [4, 5]), ([0, 5], 11, [1, 5]), ([6, 4], 13, [5, 4]), ([6, 5], 14, [5, 4]), ([2, 6], 15, [2, 5]), ([3, 6], 15, [2, 5])

Iteration 15
open:
([5, 5], 16, [4, 5]), ([5, 6], 16, [4, 5]), ([0, 4], 17, [1, 5]), ([0, 6], 17, [1, 5]), ([5, 3], 18, [5, 4]), ([6, 3], 19, [5, 4]), ([7, 3], 22, [6, 4]), ([7, 4], 16, [6, 4]), ([6, 6], 16, [6, 5]), ([1, 7], 21, [2, 6]), ([2, 7], 20, [2, 6]), ([3, 7], 22, [2, 6]), ([0, 7], 22, [1, 6])
closed:
([3, 3], 0, NULL), ([3, 4], 4, [3, 3]), ([2, 4], 5, [3, 3]), ([2, 3], 6, [3, 3]), ([2, 5], 7, [3, 4]), ([3, 5], 7, [3, 4]), ([4, 5], 7, [3, 4]), ([1, 5], 8, [2, 4]), ([5, 4], 10, [4, 5]), ([0, 5], 11, [1, 5]), ([6, 4], 13, [5, 4]), ([6, 5], 14, [5, 4]), ([2, 6], 15, [2, 5]), ([3, 6], 15, [2, 5]), ([1, 6], 16, [2, 5])

Iteration 16
open:
([5, 6], 16, [4, 5]), ([0, 4], 17, [1, 5]), ([0, 6], 17, [1, 5]), ([5, 3], 18, [5, 4]), ([6, 3], 19, [5, 4]), ([7, 3], 22, [6, 4]), ([7, 4], 16, [6, 4]), ([6, 6], 16, [6, 5]), ([1, 7], 21, [2, 6]), ([2, 7], 20, [2, 6]), ([3, 7], 22, [2, 6]), ([0, 7], 22, [1, 6])
closed:
([3, 3], 0, NULL), ([3, 4], 4, [3, 3]), ([2, 4], 5, [3, 3]), ([2, 3], 6, [3, 3]), ([2, 5], 7, [3, 4]), ([3, 5], 7, [3, 4]), ([4, 5], 7, [3, 4]), ([1, 5], 8, [2, 4]), ([5, 4], 10, [4, 5]), ([0, 5], 11, [1, 5]), ([6, 4], 13, [5, 4]), ([6, 5], 14, [5, 4]), ([2, 6], 15, [2, 5]), ([3, 6], 15, [2, 5]), ([1, 6], 16, [2, 5]), ([5, 5], 16, [4, 5])

Iteration 17
open:
([0, 4], 17, [1, 5]), ([0, 6], 17, [1, 5]), ([5, 3], 18, [5, 4]), ([6, 3], 19, [5, 4]), ([7, 3], 22, [6, 4]), ([7, 4], 16, [6, 4]), ([6, 6], 16, [6, 5]), ([1, 7], 21, [2, 6]), ([2, 7], 20, [2, 6]), ([3, 7], 22, [2, 6]), ([0, 7], 22, [1, 6])
closed:
([3, 3], 0, NULL), ([3, 4], 4, [3, 3]), ([2, 4], 5, [3, 3]), ([2, 3], 6, [3, 3]), ([2, 5], 7, [3, 4]), ([3, 5], 7, [3, 4]), ([4, 5], 7, [3, 4]), ([1, 5], 8, [2, 4]), ([5, 4], 10, [4, 5]), ([0, 5], 11, [1, 5]), ([6, 4], 13, [5, 4]), ([6, 5], 14, [5, 4]), ([2, 6], 15, [2, 5]), ([3, 6], 15, [2, 5]), ([1, 6], 16, [2, 5]), ([5, 5], 16, [4, 5]), ([5, 6], 16, [4, 5])

Iteration 18
open:
([0, 4], 17, [1, 5]), ([0, 6], 17, [1, 5]), ([5, 3], 18, [5, 4]), ([6, 3], 19, [5, 4]), ([7, 3], 22, [6, 4]), ([6, 6], 16, [6, 5]), ([1, 7], 21, [2, 6]), ([2, 7], 20, [2, 6]), ([3, 7], 22, [2, 6]), ([0, 7], 22, [1, 6]), ([8, 3], 25, [7, 4]), ([8, 4], 19, [7, 4]), ([8, 5], 25, [7, 4])
closed:
([3, 3], 0, NULL), ([3, 4], 4, [3, 3]), ([2, 4], 5, [3, 3]), ([2, 3], 6, [3, 3]), ([2, 5], 7, [3, 4]), ([3, 5], 7, [3, 4]), ([4, 5], 7, [3, 4]), ([1, 5], 8, [2, 4]), ([5, 4], 10, [4, 5]), ([0, 5], 11, [1, 5]), ([6, 4], 13, [5, 4]), ([6, 5], 14, [5, 4]), ([2, 6], 15, [2, 5]), ([3, 6], 15, [2, 5]), ([1, 6], 16, [2, 5]), ([5, 5], 16, [4, 5]), ([5, 6], 16, [4, 5]), ([7, 4], 16, [6, 4])

(3, 3)
(4, 3)
(5, 4)
(4, 5)
(5, 6)
